Z=[18 36 ];
x=[5.000000e-01 5.000000e-01 ];
lgT = [3.000000e+00 2.000000e+00 ];
lgV = [2.840954e+00 ];
lgRho = [0.000000e+00 ];
xe_Saha = [
2.591362e+01 
1.061179e+01 
];
