phi0 = [15.7596 27.6297 40.735 59.58 74.84 91.29 124.41 143.457 422.6 479.76 540.4 619 685.5 755.13 855.5 918.375 4120.67 4426.22];