phi0 = [24.583     54.409];