phi0 = [13.9996 24.3598 35.838 50.85 64.69 78.49 109.13 125.802 233 268 308 350 391 446 492 540 591 640 785 831.6 882.8 945 999 1042 1155 1205.23 2928.9 3072 3228 3380 3584 3752 3971 4109.08 17296.4 17936.2];