phi0 = [5.13908 47.2864 71.62 98.936 138.404 172.23 208.504 264.192 299.856 1465.13 1648.7];